11111111111111111111111111111111111111111111111111111111111111111111111111111111
11111111111111111111111111111111111111111111111111111111111111111111111111111111
11111111111111111111111111111111111111111111111111111111111111111111111111111111
11111111111111111111111111111111111111111111111111111111111111111111111111111111
11111111111111111111111111111111111111111111111111111111111111111111111111111111
11111111111111111111111111111111111111111111111111111111111111111111111111111111
11111111100000000000000000000000000000000000000000000000000000000000001111111111
11111111000000000000000000000000000000000000000000000000000000000000011111111111
11111110000000000000000000000000000000000000000000000000000000000000111111111111
11111100000000000000000000000000000000000000000000000000000000000001111111111111
11111100000000000000000000000000000000000000000000000000000000000011111110111111
11111100000000000000000000000000000000000000000000000000000000000111111100111111
11111100000000000000000000000000000000000000000000000000000000001111111000111111
11111100000000000000000000000000000000000000000000000000000000011111110000111111
11111100000000000000000000000000000000000000000000000000000000111111100000111111
11111100000000000000000000000000000000000000000000000000000001111111000000111111
11111100000000000000000000000000000000000000000000000000000011111110000000111111
11111100000000000000000000000000000000000000000000000000000111111100000000111111
11111100000000000000000000000000000000000000000000000000001111111000000000111111
11111100000000000000000000000000000000000000000000000000011111110000000000111111
11111100000000000000000000000000000000000000000000000000111111100000000000111111
11111100000000000000000000000000000000000000000000000001111111000000000000111111
11111100000000000000000000000000000000000000000000000011111110000000000000111111
11111100000000000000000000000000000000000000000000000111111100000000000000111111
11111100000000000000000000000000000000000000000000001111111000000000000000111111
11111100000000000000000000000000000000000000000000011111110000000000000000111111
11111100000000000000000000000000000000000000000000111111100000000000000000111111
11111100000000000000000000000000000000000000000001111111000000000000000000111111
11111100000000000000000000000000000000000000000011111110000000000000000000111111
11111100000000000000000000000000000000000000000111111100000000000000000000111111
11111100000000000000000000000000000000000000001111111000000000000000000000111111
11111100000000000000000000000000000000000000011111110000000000000000000000111111
11111100000000000000000000000000000000000000111111100000000000000000000000111111
11111100000000000000000000000000000000000001111111000000000000000000000000111111
11111100000000000000000000000000000000000011111110000000000000000000000000111111
11111100000000000000000000000000000000000111111100000000000000000000000000111111
11111100000000000000000000000000000000001111111000000000000000000000000000111111
11111100000000000000000000000000000000011111110000000000000000000000000000111111
11111100000000000000000000000000000000111111100000000000000000000000000000111111
11111100000000000000000000000000000001111111000000000000000000000000000000111111
11111100000000000000000000000000000011111110000000000000000000000000000000111111
11111100000000000000000000000000000111111100000000000000000000000000000000111111
11111100000000000000000000000000001111111000000000000000000000000000000000111111
11111100000000000000000000000000011111110000000000000000000000000000000000111111
11111100000000000000000000000000111111100000000000000000000000000000000000111111
11111100000000000000000000000001111111000000000000000000000000000000000000111111
11111100000000000000000000000011111110000000000000000000000000000000000000111111
11111100000000000000000000000111111100000000000000000000000000000000000000111111
11111100000000000000000000001111111000000000000000000000000000000000000000111111
11111100000000000000000000011111110000000000000000000000000000000000000000111111
11111100000000000000000000111111100000000000000000000000000000000000000000111111
11111100000000000000000001111111000000000000000000000000000000000000000000111111
11111100000000000000000011111110000000000000000000000000000000000000000000111111
11111100000000000000000111111100000000000000000000000000000000000000000000111111
11111100000000000000001111111000000000000000000000000000000000000000000000111111
11111100000000000000011111110000000000000000000000000000000000000000000000111111
11111100000000000000111111100000000000000000000000000000000000000000000000111111
11111100000000000001111111000000000000000000000000000000000000000000000000111111
11111100000000000011111110000000000000000000000000000000000000000000000000111111
11111100000000000111111100000000000000000000000000000000000000000000000000111111
11111100000000001111111000000000000000000000000000000000000000000000000000111111
11111100000000011111110000000000000000000000000000000000000000000000000000111111
11111100000000111111100000000000000000000000000000000000000000000000000000111111
11111100000001111111000000000000000000000000000000000000000000000000000000111111
11111100000011111110000000000000000000000000000000000000000000000000000000111111
11111100000111111100000000000000000000000000000000000000000000000000000000111111
11111100001111111000000000000000000000000000000000000000000000000000000000111111
11111100011111110000000000000000000000000000000000000000000000000000000000111111
11111100111111100000000000000000000000000000000000000000000000000000000000111111
11111101111111000000000000000000000000000000000000000000000000000000000000111111
11111111111110000000000000000000000000000000000000000000000000000000000000111111
11111111111100000000000000000000000000000000000000000000000000000000000001111111
11111111111000000000000000000000000000000000000000000000000000000000000011111111
11111111110000000000000000000000000000000000000000000000000000000000000111111111
11111111111111111111111111111111111111111111111111111111111111111111111111111111
11111111111111111111111111111111111111111111111111111111111111111111111111111111
11111111111111111111111111111111111111111111111111111111111111111111111111111111
11111111111111111111111111111111111111111111111111111111111111111111111111111111
11111111111111111111111111111111111111111111111111111111111111111111111111111111
11111111111111111111111111111111111111111111111111111111111111111111111111111111